174 3 0 15.1515 14.798 110 1 68.1818 90.9091 0 0 0 0 0.1 0 0.1 0;
432 3.4 0 15.1515 14.798 110 1 68.1818 90.9091 0 0 0 0 0.1 0 0.1 0;
40 5 0 15.1515 14.798 110 1 68.1818 90.9091 0 0 0 0 0.1 0 0.1 0;
852 6 0 15.1515 14.798 110 1 68.1818 90.9091 103.87 0 4.87273 7.94396 0.1 0 0.1 0;
285 10 0 15.1515 14.798 110 1 68.1818 90.9091 0 0 0 0 0.1 0 0.1 0;
141.27 12 0 15.1515 14.798 110 1 68.1818 90.9091 0 0 0 0 0.1 0 0.1 0;
108 3 0 15.1515 14.798 110 1 68.1818 90.9091 0 0 0 0 0.1 0 0.1 0;
108 6 0 15.1515 14.798 110 1 68.1818 90.9091 0 0 0 0 0.1 0 0.1 0;
108 10 0 15.1515 14.798 110 1 68.1818 90.9091 0 0 0 0 0.1 0 0.1 0;
108 25 0 15.1515 14.798 110 1 68.1818 90.9091 0 0 0 0 0.1 0 0.1 0;
108 50 0 15.1515 14.798 110 1 68.1818 90.9091 0 0 0 0 0.1 0 0.1 0;
