108 3 0 15.1515 14.798 110 1 68.1818 90.9091 0 0 0 0 6.15652 0 6.44493 0;
432 3.4 0 15.1515 14.798 110 1 68.1818 90.9091 0 0 0 0 5.2913 0 4.71449 0;
174 3 0 15.1515 14.798 110 1 68.1818 90.9091 0 0 0 0 5.2913 0 5.2913 0;
432 3.4 0 15.1515 14.798 110 1 68.1818 90.9091 0 0 0 0 5.86812 0 4.71449 0;
108 6 0 15.1515 14.798 110 1 68.1818 90.9091 0 0 0 0 6.44493 0 5.86812 0;
108 10 0 15.1515 14.798 110 1 68.1818 90.9091 0 0 0 0 6.15652 0 5.86812 0;
108 10 0 15.1515 14.798 110 1 68.1818 90.9091 0 0 0 0 6.73333 0 6.44493 0;
108 25 0 15.1515 14.798 110 1 68.1818 90.9091 0 0 0 0 7.31014 0 6.44493 0;
852 6 0 15.1515 14.798 110 1 68.1818 90.9091 0 0 0 0 7.88696 0 7.31014 0;
108 25 0 15.1515 14.798 110 1 68.1818 90.9091 0 0 0 0 5.86812 0 5.86812 0;
108 50 0 15.1515 14.798 110 1 68.1818 90.9091 0 0 0 0 7.59855 0 6.15652 0;
285 10 0 15.1515 14.798 110 1 68.1818 90.9091 0 0 0 0 6.15652 0 7.59855 0;
141.27 12 0 15.1515 14.798 110 1 68.1818 100.606 0 0 0 0 0.1 0 0.1 0;
55.1 3 3.78788 15.1515 14.798 110 1 107.576 90.9091 72.6582 41.8182 92.6582 0 11.3478 0 5.57971 10;
